0:
2.000000
1.000000
-2.830000
1.000000
0.200000
0.000000
0.000000
1.000000
1:
5.000000
1.000000
-2.200000
1.000000
0.200000
0.000000
0.000000
1.000000
2:
2.000000
-2.000000
-5.510000
1.000000
0.150000
0.000000
0.000000
1.000000
3:
5.000000
2.000000
-1.170000
1.000000
0.250000
0.000000
0.000000
1.000000
4:
5.000000
2.000000
1.260000
1.000000
0.250000
0.000000
0.000000
1.000000
5:
7.000000
-2.000000
0.000000
1.000000
0.150000
0.000000
0.000000
1.000000
6:
0.000000
1.000000
-2.830000
1.000000
0.200000
0.000000
0.000000
1.000000
7:
2.000000
-2.000000
-5.510000
1.000000
0.150000
0.000000
0.000000
1.000000
8:
-1.000000
-2.000000
-5.390000
1.000000
0.150000
0.000000
0.000000
1.000000
9:
0.000000
1.000000
-2.830000
1.000000
0.200000
0.000000
0.000000
1.000000
10:
2.000000
1.000000
-2.830000
1.000000
0.200000
0.000000
0.000000
1.000000
11:
2.000000
-2.000000
-5.510000
1.000000
0.150000
0.000000
0.000000
1.000000
12:
2.000000
1.000000
-2.830000
1.000000
0.200000
0.000000
0.000000
1.000000
13:
5.000000
1.000000
-2.200000
1.000000
0.200000
0.000000
0.000000
1.000000
14:
0.000000
1.000000
-2.830000
1.000000
0.200000
0.000000
0.000000
1.000000
15:
5.000000
1.000000
-2.200000
1.000000
0.200000
0.000000
0.000000
1.000000
16:
6.000000
-2.000000
-4.380000
1.000000
0.150000
0.000000
0.000000
1.000000
17:
2.000000
-2.000000
-5.510000
1.000000
0.150000
0.000000
0.000000
1.000000
18:
5.000000
1.000000
-2.200000
1.000000
0.200000
0.000000
0.000000
1.000000
19:
6.000000
1.000000
-2.200000
1.000000
0.200000
0.000000
0.000000
1.000000
20:
6.000000
-2.000000
-4.380000
1.000000
0.150000
0.000000
0.000000
1.000000
21:
6.000000
1.000000
-2.200000
1.000000
0.200000
0.000000
0.000000
1.000000
22:
7.000000
-2.000000
0.000000
1.000000
0.150000
0.000000
0.000000
1.000000
23:
6.000000
-2.000000
-4.380000
1.000000
0.150000
0.000000
0.000000
1.000000
24:
5.000000
2.000000
-1.170000
1.000000
0.250000
0.000000
0.000000
1.000000
25:
7.000000
-2.000000
0.000000
1.000000
0.150000
0.000000
0.000000
1.000000
26:
6.000000
1.000000
-2.200000
1.000000
0.200000
0.000000
0.000000
1.000000
27:
5.000000
2.000000
-1.170000
1.000000
0.250000
0.000000
0.000000
1.000000
28:
6.000000
1.000000
-2.200000
1.000000
0.200000
0.000000
0.000000
1.000000
29:
5.000000
1.000000
-2.200000
1.000000
0.200000
0.000000
0.000000
1.000000
30:
4.000000
3.000000
0.000000
1.000000
0.300000
0.000000
0.000000
1.000000
31:
5.000000
2.000000
-1.170000
1.000000
0.250000
0.000000
0.000000
1.000000
32:
5.000000
1.000000
-2.200000
1.000000
0.200000
0.000000
0.000000
1.000000
33:
4.000000
3.000000
0.000000
1.000000
0.300000
0.000000
0.000000
1.000000
34:
5.000000
1.000000
-2.200000
1.000000
0.200000
0.000000
0.000000
1.000000
35:
2.000000
1.000000
-2.830000
1.000000
0.200000
0.000000
0.000000
1.000000
36:
4.000000
3.000000
0.000000
1.000000
0.300000
0.000000
0.000000
1.000000
37:
2.000000
1.000000
-2.830000
1.000000
0.200000
0.000000
0.000000
1.000000
38:
2.000000
2.000000
-1.630000
1.000000
0.250000
0.000000
0.000000
1.000000
39:
0.000000
2.000000
-1.690000
1.000000
0.250000
0.000000
0.000000
1.000000
40:
2.000000
2.000000
-1.630000
1.000000
0.250000
0.000000
0.000000
1.000000
41:
2.000000
1.000000
-2.830000
1.000000
0.200000
0.000000
0.000000
1.000000
42:
0.000000
2.000000
-1.690000
1.000000
0.250000
0.000000
0.000000
1.000000
43:
2.000000
1.000000
-2.830000
1.000000
0.200000
0.000000
0.000000
1.000000
44:
0.000000
1.000000
-2.830000
1.000000
0.200000
0.000000
0.000000
1.000000
45:
0.000000
4.000000
0.000000
1.000000
0.300000
0.000000
0.000000
1.000000
46:
2.000000
2.000000
-1.630000
1.000000
0.250000
0.000000
0.000000
1.000000
47:
0.000000
2.000000
-1.690000
1.000000
0.250000
0.000000
0.000000
1.000000
48:
-3.000000
3.000000
0.000000
1.000000
0.300000
0.000000
0.000000
1.000000
49:
-2.000000
2.000000
-1.710000
1.000000
0.250000
0.000000
0.000000
1.000000
50:
-4.000000
2.000000
-1.950000
1.000000
0.250000
0.000000
0.000000
1.000000
51:
-4.000000
2.000000
-1.950000
1.000000
0.250000
0.000000
0.000000
1.000000
52:
-5.000000
1.000000
-2.740000
1.000000
0.200000
0.000000
0.000000
1.000000
53:
-8.000000
-2.000000
0.000000
1.000000
0.150000
0.000000
0.000000
1.000000
54:
-5.000000
1.000000
-2.740000
1.000000
0.200000
0.000000
0.000000
1.000000
55:
-7.000000
0.000000
-3.370000
1.000000
0.200000
0.000000
0.000000
1.000000
56:
-8.000000
-2.000000
0.000000
1.000000
0.150000
0.000000
0.000000
1.000000
57:
-7.000000
0.000000
-3.370000
1.000000
0.200000
0.000000
0.000000
1.000000
58:
-7.000000
-2.000000
-4.100000
1.000000
0.150000
0.000000
0.000000
1.000000
59:
-8.000000
-2.000000
0.000000
1.000000
0.150000
0.000000
0.000000
1.000000
60:
-5.000000
0.000000
-3.670000
1.000000
0.200000
0.000000
0.000000
1.000000
61:
-7.000000
-2.000000
-4.100000
1.000000
0.150000
0.000000
0.000000
1.000000
62:
-7.000000
0.000000
-3.370000
1.000000
0.200000
0.000000
0.000000
1.000000
63:
-5.000000
0.000000
-3.670000
1.000000
0.200000
0.000000
0.000000
1.000000
64:
-5.000000
-2.000000
-5.160000
1.000000
0.150000
0.000000
0.000000
1.000000
65:
-7.000000
-2.000000
-4.100000
1.000000
0.150000
0.000000
0.000000
1.000000
66:
-5.000000
1.000000
-2.740000
1.000000
0.200000
0.000000
0.000000
1.000000
67:
-5.000000
0.000000
-3.670000
1.000000
0.200000
0.000000
0.000000
1.000000
68:
-7.000000
0.000000
-3.370000
1.000000
0.200000
0.000000
0.000000
1.000000
69:
-4.000000
1.000000
-2.780000
1.000000
0.200000
0.000000
0.000000
1.000000
70:
-5.000000
0.000000
-3.670000
1.000000
0.200000
0.000000
0.000000
1.000000
71:
-5.000000
1.000000
-2.740000
1.000000
0.200000
0.000000
0.000000
1.000000
72:
-4.000000
2.000000
-1.950000
1.000000
0.250000
0.000000
0.000000
1.000000
73:
-4.000000
1.000000
-2.780000
1.000000
0.200000
0.000000
0.000000
1.000000
74:
-5.000000
1.000000
-2.740000
1.000000
0.200000
0.000000
0.000000
1.000000
75:
-2.000000
2.000000
-1.710000
1.000000
0.250000
0.000000
0.000000
1.000000
76:
-4.000000
1.000000
-2.780000
1.000000
0.200000
0.000000
0.000000
1.000000
77:
-4.000000
2.000000
-1.950000
1.000000
0.250000
0.000000
0.000000
1.000000
78:
-2.000000
2.000000
-1.710000
1.000000
0.250000
0.000000
0.000000
1.000000
79:
-1.000000
1.000000
-2.420000
1.000000
0.200000
0.000000
0.000000
1.000000
80:
-4.000000
1.000000
-2.780000
1.000000
0.200000
0.000000
0.000000
1.000000
81:
0.000000
4.000000
0.000000
1.000000
0.300000
0.000000
0.000000
1.000000
82:
-1.000000
1.000000
-2.420000
1.000000
0.200000
0.000000
0.000000
1.000000
83:
-2.000000
2.000000
-1.710000
1.000000
0.250000
0.000000
0.000000
1.000000
84:
0.000000
4.000000
0.000000
1.000000
0.300000
0.000000
0.000000
1.000000
85:
0.000000
2.000000
-1.690000
1.000000
0.250000
0.000000
0.000000
1.000000
86:
-1.000000
1.000000
-2.420000
1.000000
0.200000
0.000000
0.000000
1.000000
87:
0.000000
2.000000
-1.690000
1.000000
0.250000
0.000000
0.000000
1.000000
88:
0.000000
1.000000
-2.830000
1.000000
0.200000
0.000000
0.000000
1.000000
89:
-1.000000
1.000000
-2.420000
1.000000
0.200000
0.000000
0.000000
1.000000
90:
-5.000000
0.000000
-3.670000
1.000000
0.200000
0.000000
0.000000
1.000000
91:
-1.000000
-2.000000
-5.390000
1.000000
0.150000
0.000000
0.000000
1.000000
92:
-5.000000
-2.000000
-5.160000
1.000000
0.150000
0.000000
0.000000
1.000000
93:
-4.000000
1.000000
-2.780000
1.000000
0.200000
0.000000
0.000000
1.000000
94:
-1.000000
-2.000000
-5.390000
1.000000
0.150000
0.000000
0.000000
1.000000
95:
-5.000000
0.000000
-3.670000
1.000000
0.200000
0.000000
0.000000
1.000000
96:
-4.000000
1.000000
-2.780000
1.000000
0.200000
0.000000
0.000000
1.000000
97:
-1.000000
1.000000
-2.420000
1.000000
0.200000
0.000000
0.000000
1.000000
98:
-1.000000
-2.000000
-5.390000
1.000000
0.150000
0.000000
0.000000
1.000000
99:
-1.000000
1.000000
-2.420000
1.000000
0.200000
0.000000
0.000000
1.000000
100:
0.000000
1.000000
-2.830000
1.000000
0.200000
0.000000
0.000000
1.000000
101:
-1.000000
-2.000000
-5.390000
1.000000
0.150000
0.000000
0.000000
1.000000
102:
-2.000000
2.000000
1.740000
1.000000
0.250000
0.000000
0.000000
1.000000
103:
0.000000
4.000000
0.000000
1.000000
0.300000
0.000000
0.000000
1.000000
104:
-2.000000
2.000000
-1.710000
1.000000
0.250000
0.000000
0.000000
1.000000
105:
-7.000000
0.000000
3.430000
1.000000
0.200000
0.000000
0.000000
1.000000
106:
-8.000000
-2.000000
0.000000
1.000000
0.150000
0.000000
0.000000
1.000000
107:
-7.000000
-2.000000
4.980000
1.000000
0.150000
0.000000
0.000000
1.000000
108:
-5.000000
0.000000
3.460000
1.000000
0.200000
0.000000
0.000000
1.000000
109:
-7.000000
-2.000000
4.980000
1.000000
0.150000
0.000000
0.000000
1.000000
110:
-5.000000
-2.000000
5.730000
1.000000
0.150000
0.000000
0.000000
1.000000
111:
-7.000000
0.000000
3.430000
1.000000
0.200000
0.000000
0.000000
1.000000
112:
-7.000000
-2.000000
4.980000
1.000000
0.150000
0.000000
0.000000
1.000000
113:
-5.000000
0.000000
3.460000
1.000000
0.200000
0.000000
0.000000
1.000000
114:
-5.000000
1.000000
2.230000
1.000000
0.200000
0.000000
0.000000
1.000000
115:
-7.000000
0.000000
3.430000
1.000000
0.200000
0.000000
0.000000
1.000000
116:
-5.000000
0.000000
3.460000
1.000000
0.200000
0.000000
0.000000
1.000000
117:
-8.000000
-2.000000
0.000000
1.000000
0.150000
0.000000
0.000000
1.000000
118:
-7.000000
0.000000
3.430000
1.000000
0.200000
0.000000
0.000000
1.000000
119:
-5.000000
1.000000
2.230000
1.000000
0.200000
0.000000
0.000000
1.000000
120:
-5.000000
1.000000
2.230000
1.000000
0.200000
0.000000
0.000000
1.000000
121:
-4.000000
1.000000
2.120000
1.000000
0.200000
0.000000
0.000000
1.000000
122:
-4.000000
2.000000
1.070000
1.000000
0.250000
0.000000
0.000000
1.000000
123:
-8.000000
-2.000000
0.000000
1.000000
0.150000
0.000000
0.000000
1.000000
124:
-5.000000
1.000000
2.230000
1.000000
0.200000
0.000000
0.000000
1.000000
125:
-4.000000
2.000000
1.070000
1.000000
0.250000
0.000000
0.000000
1.000000
126:
-2.000000
2.000000
1.740000
1.000000
0.250000
0.000000
0.000000
1.000000
127:
-4.000000
2.000000
1.070000
1.000000
0.250000
0.000000
0.000000
1.000000
128:
-4.000000
1.000000
2.120000
1.000000
0.200000
0.000000
0.000000
1.000000
129:
-4.000000
1.000000
2.120000
1.000000
0.200000
0.000000
0.000000
1.000000
130:
-5.000000
0.000000
3.460000
1.000000
0.200000
0.000000
0.000000
1.000000
131:
-1.000000
-2.000000
5.600000
1.000000
0.150000
0.000000
0.000000
1.000000
132:
-1.000000
-2.000000
5.600000
1.000000
0.150000
0.000000
0.000000
1.000000
133:
-5.000000
0.000000
3.460000
1.000000
0.200000
0.000000
0.000000
1.000000
134:
-5.000000
-2.000000
5.730000
1.000000
0.150000
0.000000
0.000000
1.000000
135:
-4.000000
1.000000
2.120000
1.000000
0.200000
0.000000
0.000000
1.000000
136:
-5.000000
1.000000
2.230000
1.000000
0.200000
0.000000
0.000000
1.000000
137:
-5.000000
0.000000
3.460000
1.000000
0.200000
0.000000
0.000000
1.000000
138:
-4.000000
2.000000
1.070000
1.000000
0.250000
0.000000
0.000000
1.000000
139:
-5.000000
1.000000
2.230000
1.000000
0.200000
0.000000
0.000000
1.000000
140:
-4.000000
1.000000
2.120000
1.000000
0.200000
0.000000
0.000000
1.000000
141:
-5.000000
1.000000
2.230000
1.000000
0.200000
0.000000
0.000000
1.000000
142:
-4.000000
1.000000
2.120000
1.000000
0.200000
0.000000
0.000000
1.000000
143:
-4.000000
2.000000
1.070000
1.000000
0.250000
0.000000
0.000000
1.000000
144:
-1.000000
1.000000
2.220000
1.000000
0.200000
0.000000
0.000000
1.000000
145:
-4.000000
1.000000
2.120000
1.000000
0.200000
0.000000
0.000000
1.000000
146:
-1.000000
-2.000000
5.600000
1.000000
0.150000
0.000000
0.000000
1.000000
147:
0.000000
1.000000
2.200000
1.000000
0.200000
0.000000
0.000000
1.000000
148:
-1.000000
1.000000
2.220000
1.000000
0.200000
0.000000
0.000000
1.000000
149:
-1.000000
-2.000000
5.600000
1.000000
0.150000
0.000000
0.000000
1.000000
150:
0.000000
2.000000
1.810000
1.000000
0.250000
0.000000
0.000000
1.000000
151:
-1.000000
1.000000
2.220000
1.000000
0.200000
0.000000
0.000000
1.000000
152:
0.000000
1.000000
2.200000
1.000000
0.200000
0.000000
0.000000
1.000000
153:
0.000000
4.000000
0.000000
1.000000
0.300000
0.000000
0.000000
1.000000
154:
-1.000000
1.000000
2.220000
1.000000
0.200000
0.000000
0.000000
1.000000
155:
0.000000
2.000000
1.810000
1.000000
0.250000
0.000000
0.000000
1.000000
156:
0.000000
4.000000
0.000000
1.000000
0.300000
0.000000
0.000000
1.000000
157:
-2.000000
2.000000
1.740000
1.000000
0.250000
0.000000
0.000000
1.000000
158:
-1.000000
1.000000
2.220000
1.000000
0.200000
0.000000
0.000000
1.000000
159:
-2.000000
2.000000
1.740000
1.000000
0.250000
0.000000
0.000000
1.000000
160:
-4.000000
1.000000
2.120000
1.000000
0.200000
0.000000
0.000000
1.000000
161:
-1.000000
1.000000
2.220000
1.000000
0.200000
0.000000
0.000000
1.000000
162:
-3.000000
3.000000
0.000000
1.000000
0.300000
0.000000
0.000000
1.000000
163:
-4.000000
2.000000
1.070000
1.000000
0.250000
0.000000
0.000000
1.000000
164:
-2.000000
2.000000
1.740000
1.000000
0.250000
0.000000
0.000000
1.000000
165:
-3.000000
3.000000
0.000000
1.000000
0.300000
0.000000
0.000000
1.000000
166:
-2.000000
2.000000
1.740000
1.000000
0.250000
0.000000
0.000000
1.000000
167:
-2.000000
2.000000
-1.710000
1.000000
0.250000
0.000000
0.000000
1.000000
168:
0.000000
4.000000
0.000000
1.000000
0.300000
0.000000
0.000000
1.000000
169:
-2.000000
2.000000
1.740000
1.000000
0.250000
0.000000
0.000000
1.000000
170:
-1.000000
1.000000
2.220000
1.000000
0.200000
0.000000
0.000000
1.000000
171:
-4.000000
2.000000
1.070000
1.000000
0.250000
0.000000
0.000000
1.000000
172:
-4.000000
2.000000
-1.950000
1.000000
0.250000
0.000000
0.000000
1.000000
173:
-8.000000
-2.000000
0.000000
1.000000
0.150000
0.000000
0.000000
1.000000
174:
-3.000000
3.000000
0.000000
1.000000
0.300000
0.000000
0.000000
1.000000
175:
-4.000000
2.000000
-1.950000
1.000000
0.250000
0.000000
0.000000
1.000000
176:
-4.000000
2.000000
1.070000
1.000000
0.250000
0.000000
0.000000
1.000000
177:
2.000000
2.000000
1.090000
1.000000
0.250000
0.000000
0.000000
1.000000
178:
0.000000
4.000000
0.000000
1.000000
0.300000
0.000000
0.000000
1.000000
179:
0.000000
2.000000
1.810000
1.000000
0.250000
0.000000
0.000000
1.000000
180:
2.000000
1.000000
2.060000
1.000000
0.200000
0.000000
0.000000
1.000000
181:
0.000000
2.000000
1.810000
1.000000
0.250000
0.000000
0.000000
1.000000
182:
0.000000
1.000000
2.200000
1.000000
0.200000
0.000000
0.000000
1.000000
183:
2.000000
1.000000
2.060000
1.000000
0.200000
0.000000
0.000000
1.000000
184:
0.000000
1.000000
2.200000
1.000000
0.200000
0.000000
0.000000
1.000000
185:
2.000000
-2.000000
5.430000
1.000000
0.150000
0.000000
0.000000
1.000000
186:
0.000000
1.000000
2.200000
1.000000
0.200000
0.000000
0.000000
1.000000
187:
-1.000000
-2.000000
5.600000
1.000000
0.150000
0.000000
0.000000
1.000000
188:
2.000000
-2.000000
5.430000
1.000000
0.150000
0.000000
0.000000
1.000000
189:
0.000000
4.000000
0.000000
1.000000
0.300000
0.000000
0.000000
1.000000
190:
-2.000000
2.000000
1.740000
1.000000
0.250000
0.000000
0.000000
1.000000
191:
-1.000000
1.000000
2.220000
1.000000
0.200000
0.000000
0.000000
1.000000
192:
2.000000
1.000000
2.060000
1.000000
0.200000
0.000000
0.000000
1.000000
193:
0.000000
2.000000
1.810000
1.000000
0.250000
0.000000
0.000000
1.000000
194:
0.000000
1.000000
2.200000
1.000000
0.200000
0.000000
0.000000
1.000000
195:
4.000000
3.000000
0.000000
1.000000
0.300000
0.000000
0.000000
1.000000
196:
2.000000
1.000000
2.060000
1.000000
0.200000
0.000000
0.000000
1.000000
197:
5.000000
1.000000
2.760000
1.000000
0.200000
0.000000
0.000000
1.000000
198:
5.000000
1.000000
2.760000
1.000000
0.200000
0.000000
0.000000
1.000000
199:
2.000000
1.000000
2.060000
1.000000
0.200000
0.000000
0.000000
1.000000
200:
2.000000
-2.000000
5.430000
1.000000
0.150000
0.000000
0.000000
1.000000
201:
4.000000
3.000000
0.000000
1.000000
0.300000
0.000000
0.000000
1.000000
202:
2.000000
2.000000
1.090000
1.000000
0.250000
0.000000
0.000000
1.000000
203:
2.000000
1.000000
2.060000
1.000000
0.200000
0.000000
0.000000
1.000000
204:
4.000000
3.000000
0.000000
1.000000
0.300000
0.000000
0.000000
1.000000
205:
2.000000
2.000000
-1.630000
1.000000
0.250000
0.000000
0.000000
1.000000
206:
2.000000
2.000000
1.090000
1.000000
0.250000
0.000000
0.000000
1.000000
207:
2.000000
2.000000
-1.630000
1.000000
0.250000
0.000000
0.000000
1.000000
208:
0.000000
4.000000
0.000000
1.000000
0.300000
0.000000
0.000000
1.000000
209:
2.000000
2.000000
1.090000
1.000000
0.250000
0.000000
0.000000
1.000000
210:
5.000000
2.000000
-1.170000
1.000000
0.250000
0.000000
0.000000
1.000000
211:
4.000000
3.000000
0.000000
1.000000
0.300000
0.000000
0.000000
1.000000
212:
5.000000
2.000000
1.260000
1.000000
0.250000
0.000000
0.000000
1.000000
213:
7.000000
-2.000000
0.000000
1.000000
0.150000
0.000000
0.000000
1.000000
214:
5.000000
2.000000
1.260000
1.000000
0.250000
0.000000
0.000000
1.000000
215:
6.000000
1.000000
2.460000
1.000000
0.200000
0.000000
0.000000
1.000000
216:
5.000000
2.000000
1.260000
1.000000
0.250000
0.000000
0.000000
1.000000
217:
5.000000
1.000000
2.760000
1.000000
0.200000
0.000000
0.000000
1.000000
218:
6.000000
1.000000
2.460000
1.000000
0.200000
0.000000
0.000000
1.000000
219:
7.000000
-2.000000
0.000000
1.000000
0.150000
0.000000
0.000000
1.000000
220:
6.000000
1.000000
2.460000
1.000000
0.200000
0.000000
0.000000
1.000000
221:
6.000000
-2.000000
4.950000
1.000000
0.150000
0.000000
0.000000
1.000000
222:
2.000000
2.000000
1.090000
1.000000
0.250000
0.000000
0.000000
1.000000
223:
0.000000
2.000000
1.810000
1.000000
0.250000
0.000000
0.000000
1.000000
224:
2.000000
1.000000
2.060000
1.000000
0.200000
0.000000
0.000000
1.000000
225:
4.000000
3.000000
0.000000
1.000000
0.300000
0.000000
0.000000
1.000000
226:
5.000000
1.000000
2.760000
1.000000
0.200000
0.000000
0.000000
1.000000
227:
5.000000
2.000000
1.260000
1.000000
0.250000
0.000000
0.000000
1.000000
228:
6.000000
1.000000
2.460000
1.000000
0.200000
0.000000
0.000000
1.000000
229:
5.000000
1.000000
2.760000
1.000000
0.200000
0.000000
0.000000
1.000000
230:
6.000000
-2.000000
4.950000
1.000000
0.150000
0.000000
0.000000
1.000000
231:
5.000000
1.000000
2.760000
1.000000
0.200000
0.000000
0.000000
1.000000
232:
2.000000
-2.000000
5.430000
1.000000
0.150000
0.000000
0.000000
1.000000
233:
6.000000
-2.000000
4.950000
1.000000
0.150000
0.000000
0.000000
1.000000
234:
5.000000
2.000000
-1.170000
1.000000
0.250000
0.000000
0.000000
1.000000

