0:
5.000000
1.000000
0.000000
1.000000
0.061000
0.012000
0.002000
1.000000
1:
-2.000000
1.000000
2.000000
1.000000
0.061000
0.012000
0.002000
1.000000
2:
1.000000
0.000000
2.000000
1.000000
0.192000
0.192000
0.192000
1.000000
3:
5.000000
1.000000
1.000000
1.000000
0.061000
0.012000
0.002000
1.000000
4:
5.000000
1.000000
2.000000
1.000000
0.061000
0.012000
0.002000
1.000000
5:
3.000000
0.000000
3.000000
1.000000
0.192000
0.192000
0.192000
1.000000
6:
5.000000
1.000000
1.000000
1.000000
0.061000
0.012000
0.002000
1.000000
7:
3.000000
0.000000
3.000000
1.000000
0.192000
0.192000
0.192000
1.000000
8:
3.000000
0.000000
2.000000
1.000000
0.192000
0.192000
0.192000
1.000000
9:
5.000000
1.000000
1.000000
1.000000
0.061000
0.012000
0.002000
1.000000
10:
3.000000
0.000000
2.000000
1.000000
0.192000
0.192000
0.192000
1.000000
11:
3.000000
0.000000
0.000000
1.000000
0.192000
0.192000
0.192000
1.000000
12:
5.000000
1.000000
1.000000
1.000000
0.061000
0.012000
0.002000
1.000000
13:
3.000000
0.000000
0.000000
1.000000
0.192000
0.192000
0.192000
1.000000
14:
3.000000
0.000000
-1.000000
1.000000
0.192000
0.192000
0.192000
1.000000
15:
1.000000
1.000000
3.000000
1.000000
0.061000
0.012000
0.002000
1.000000
16:
0.000000
0.000000
5.000000
1.000000
0.192000
0.192000
0.192000
1.000000
17:
-5.000000
0.000000
5.000000
1.000000
0.255000
0.000000
0.000000
1.000000
18:
1.000000
1.000000
3.000000
1.000000
0.061000
0.012000
0.002000
1.000000
19:
-5.000000
0.000000
5.000000
1.000000
0.255000
0.000000
0.000000
1.000000
20:
-2.000000
1.000000
2.000000
1.000000
0.061000
0.012000
0.002000
1.000000
21:
1.000000
1.000000
-1.000000
1.000000
0.061000
0.012000
0.002000
1.000000
22:
-5.000000
0.000000
-3.000000
1.000000
0.255000
0.000000
0.000000
1.000000
23:
0.000000
0.000000
-3.000000
1.000000
0.192000
0.192000
0.192000
1.000000
24:
1.000000
1.000000
-1.000000
1.000000
0.061000
0.012000
0.002000
1.000000
25:
-2.000000
1.000000
0.000000
1.000000
0.061000
0.012000
0.002000
1.000000
26:
-5.000000
0.000000
-3.000000
1.000000
0.255000
0.000000
0.000000
1.000000
27:
1.000000
1.000000
-1.000000
1.000000
0.061000
0.012000
0.002000
1.000000
28:
1.000000
0.000000
0.000000
1.000000
0.192000
0.192000
0.192000
1.000000
29:
-2.000000
1.000000
0.000000
1.000000
0.061000
0.012000
0.002000
1.000000
30:
1.000000
1.000000
3.000000
1.000000
0.061000
0.012000
0.002000
1.000000
31:
-2.000000
1.000000
2.000000
1.000000
0.061000
0.012000
0.002000
1.000000
32:
1.000000
0.000000
2.000000
1.000000
0.192000
0.192000
0.192000
1.000000
33:
1.000000
0.000000
0.000000
1.000000
0.192000
0.192000
0.192000
1.000000
34:
1.000000
0.000000
2.000000
1.000000
0.192000
0.192000
0.192000
1.000000
35:
-2.000000
1.000000
2.000000
1.000000
0.061000
0.012000
0.002000
1.000000
36:
1.000000
0.000000
0.000000
1.000000
0.192000
0.192000
0.192000
1.000000
37:
-2.000000
1.000000
2.000000
1.000000
0.061000
0.012000
0.002000
1.000000
38:
-2.000000
1.000000
0.000000
1.000000
0.061000
0.012000
0.002000
1.000000
39:
-2.000000
1.000000
0.000000
1.000000
0.061000
0.012000
0.002000
1.000000
40:
-2.000000
1.000000
1.000000
1.000000
0.061000
0.012000
0.002000
1.000000
41:
-3.000000
2.000000
1.000000
1.000000
0.255000
0.000000
0.000000
1.000000
42:
-3.000000
2.000000
1.000000
1.000000
0.255000
0.000000
0.000000
1.000000
43:
-2.000000
1.000000
1.000000
1.000000
0.061000
0.012000
0.002000
1.000000
44:
-2.000000
1.000000
2.000000
1.000000
0.061000
0.012000
0.002000
1.000000
45:
3.000000
0.000000
-1.000000
1.000000
0.192000
0.192000
0.192000
1.000000
46:
3.000000
0.000000
3.000000
1.000000
0.192000
0.192000
0.192000
1.000000
47:
1.000000
0.000000
3.000000
1.000000
0.061000
0.012000
0.002000
1.000000
48:
3.000000
0.000000
-1.000000
1.000000
0.192000
0.192000
0.192000
1.000000
49:
1.000000
0.000000
3.000000
1.000000
0.061000
0.012000
0.002000
1.000000
50:
1.000000
0.000000
-1.000000
1.000000
0.061000
0.012000
0.002000
1.000000
51:
1.000000
4.000000
-1.000000
1.000000
0.255000
0.000000
0.000000
1.000000
52:
-1.000000
2.000000
-1.000000
1.000000
0.061000
0.012000
0.002000
1.000000
53:
-1.000000
4.000000
0.000000
1.000000
0.255000
0.000000
0.000000
1.000000
54:
5.000000
3.000000
2.000000
1.000000
0.061000
0.012000
0.002000
1.000000
55:
5.000000
3.000000
1.000000
1.000000
0.061000
0.012000
0.002000
1.000000
56:
3.000000
4.000000
3.000000
1.000000
0.192000
0.192000
0.192000
1.000000
57:
5.000000
3.000000
1.000000
1.000000
0.061000
0.012000
0.002000
1.000000
58:
3.000000
4.000000
2.000000
1.000000
0.061000
0.012000
0.002000
1.000000
59:
5.000000
1.000000
1.000000
1.000000
0.061000
0.012000
0.002000
1.000000
60:
5.000000
3.000000
1.000000
1.000000
0.061000
0.012000
0.002000
1.000000
61:
3.000000
4.000000
0.000000
1.000000
0.061000
0.012000
0.002000
1.000000
62:
3.000000
4.000000
2.000000
1.000000
0.061000
0.012000
0.002000
1.000000
63:
5.000000
3.000000
1.000000
1.000000
0.061000
0.012000
0.002000
1.000000
64:
3.000000
4.000000
-1.000000
1.000000
0.192000
0.192000
0.192000
1.000000
65:
3.000000
4.000000
0.000000
1.000000
0.061000
0.012000
0.002000
1.000000
66:
5.000000
3.000000
1.000000
1.000000
0.061000
0.012000
0.002000
1.000000
67:
5.000000
3.000000
0.000000
1.000000
0.061000
0.012000
0.002000
1.000000
68:
3.000000
4.000000
-1.000000
1.000000
0.192000
0.192000
0.192000
1.000000
69:
3.000000
4.000000
3.000000
1.000000
0.192000
0.192000
0.192000
1.000000
70:
3.000000
4.000000
-1.000000
1.000000
0.192000
0.192000
0.192000
1.000000
71:
1.000000
4.000000
-1.000000
1.000000
0.255000
0.000000
0.000000
1.000000
72:
3.000000
4.000000
3.000000
1.000000
0.192000
0.192000
0.192000
1.000000
73:
1.000000
4.000000
-1.000000
1.000000
0.255000
0.000000
0.000000
1.000000
74:
1.000000
4.000000
3.000000
1.000000
0.255000
0.000000
0.000000
1.000000
75:
1.000000
4.000000
-1.000000
1.000000
0.255000
0.000000
0.000000
1.000000
76:
-1.000000
4.000000
0.000000
1.000000
0.255000
0.000000
0.000000
1.000000
77:
1.000000
4.000000
1.000000
1.000000
0.061000
0.012000
0.002000
1.000000
78:
1.000000
4.000000
3.000000
1.000000
0.255000
0.000000
0.000000
1.000000
79:
1.000000
4.000000
1.000000
1.000000
0.061000
0.012000
0.002000
1.000000
80:
-1.000000
4.000000
2.000000
1.000000
0.255000
0.000000
0.000000
1.000000
81:
1.000000
4.000000
1.000000
1.000000
0.061000
0.012000
0.002000
1.000000
82:
-1.000000
4.000000
0.000000
1.000000
0.255000
0.000000
0.000000
1.000000
83:
-1.000000
4.000000
2.000000
1.000000
0.255000
0.000000
0.000000
1.000000
84:
-1.000000
4.000000
2.000000
1.000000
0.255000
0.000000
0.000000
1.000000
85:
-1.000000
4.000000
0.000000
1.000000
0.255000
0.000000
0.000000
1.000000
86:
-2.000000
2.000000
0.000000
1.000000
0.192000
0.192000
0.192000
1.000000
87:
-1.000000
4.000000
2.000000
1.000000
0.255000
0.000000
0.000000
1.000000
88:
-2.000000
2.000000
0.000000
1.000000
0.192000
0.192000
0.192000
1.000000
89:
-2.000000
2.000000
2.000000
1.000000
0.192000
0.192000
0.192000
1.000000
90:
3.000000
4.000000
2.000000
1.000000
0.061000
0.012000
0.002000
1.000000
91:
3.000000
4.000000
3.000000
1.000000
0.192000
0.192000
0.192000
1.000000
92:
5.000000
3.000000
1.000000
1.000000
0.061000
0.012000
0.002000
1.000000
93:
5.000000
3.000000
0.000000
1.000000
0.061000
0.012000
0.002000
1.000000
94:
5.000000
3.000000
2.000000
1.000000
0.061000
0.012000
0.002000
1.000000
95:
5.000000
1.000000
2.000000
1.000000
0.061000
0.012000
0.002000
1.000000
96:
5.000000
3.000000
0.000000
1.000000
0.061000
0.012000
0.002000
1.000000
97:
5.000000
1.000000
2.000000
1.000000
0.061000
0.012000
0.002000
1.000000
98:
5.000000
1.000000
0.000000
1.000000
0.061000
0.012000
0.002000
1.000000
99:
5.000000
3.000000
2.000000
1.000000
0.061000
0.012000
0.002000
1.000000
100:
3.000000
2.000000
3.000000
1.000000
0.061000
0.012000
0.020000
1.000000
101:
5.000000
2.000000
2.000000
1.000000
0.192000
0.192000
0.192000
1.000000
102:
3.000000
2.000000
3.000000
1.000000
0.061000
0.012000
0.020000
1.000000
103:
5.000000
1.000000
2.000000
1.000000
0.061000
0.012000
0.002000
1.000000
104:
5.000000
2.000000
2.000000
1.000000
0.192000
0.192000
0.192000
1.000000
105:
3.000000
4.000000
3.000000
1.000000
0.192000
0.192000
0.192000
1.000000
106:
3.000000
2.000000
3.000000
1.000000
0.061000
0.012000
0.020000
1.000000
107:
5.000000
3.000000
2.000000
1.000000
0.061000
0.012000
0.002000
1.000000
108:
3.000000
2.000000
3.000000
1.000000
0.061000
0.012000
0.020000
1.000000
109:
3.000000
0.000000
3.000000
1.000000
0.192000
0.192000
0.192000
1.000000
110:
5.000000
1.000000
2.000000
1.000000
0.061000
0.012000
0.002000
1.000000
111:
3.000000
4.000000
-1.000000
1.000000
0.192000
0.192000
0.192000
1.000000
112:
5.000000
3.000000
0.000000
1.000000
0.061000
0.012000
0.002000
1.000000
113:
3.000000
2.000000
-1.000000
1.000000
0.061000
0.012000
0.002000
1.000000
114:
5.000000
3.000000
0.000000
1.000000
0.061000
0.012000
0.002000
1.000000
115:
5.000000
2.000000
0.000000
1.000000
0.192000
0.192000
0.192000
1.000000
116:
3.000000
2.000000
-1.000000
1.000000
0.061000
0.012000
0.002000
1.000000
117:
3.000000
2.000000
-1.000000
1.000000
0.061000
0.012000
0.002000
1.000000
118:
5.000000
2.000000
0.000000
1.000000
0.192000
0.192000
0.192000
1.000000
119:
5.000000
1.000000
0.000000
1.000000
0.061000
0.012000
0.002000
1.000000
120:
5.000000
1.000000
0.000000
1.000000
0.061000
0.012000
0.002000
1.000000
121:
5.000000
1.000000
1.000000
1.000000
0.061000
0.012000
0.002000
1.000000
122:
3.000000
0.000000
-1.000000
1.000000
0.192000
0.192000
0.192000
1.000000
123:
1.000000
4.000000
-1.000000
1.000000
0.255000
0.000000
0.000000
1.000000
124:
1.000000
2.000000
-1.000000
1.000000
0.192000
0.192000
0.192000
1.000000
125:
-1.000000
2.000000
-1.000000
1.000000
0.061000
0.012000
0.002000
1.000000
126:
3.000000
2.000000
-1.000000
1.000000
0.061000
0.012000
0.002000
1.000000
127:
1.000000
0.000000
-1.000000
1.000000
0.061000
0.012000
0.002000
1.000000
128:
1.000000
2.000000
-1.000000
1.000000
0.192000
0.192000
0.192000
1.000000
129:
3.000000
2.000000
-1.000000
1.000000
0.061000
0.012000
0.002000
1.000000
130:
3.000000
0.000000
-1.000000
1.000000
0.192000
0.192000
0.192000
1.000000
131:
1.000000
0.000000
-1.000000
1.000000
0.061000
0.012000
0.002000
1.000000
132:
1.000000
4.000000
-1.000000
1.000000
0.255000
0.000000
0.000000
1.000000
133:
3.000000
4.000000
-1.000000
1.000000
0.192000
0.192000
0.192000
1.000000
134:
1.000000
2.000000
-1.000000
1.000000
0.192000
0.192000
0.192000
1.000000
135:
3.000000
4.000000
-1.000000
1.000000
0.192000
0.192000
0.192000
1.000000
136:
3.000000
2.000000
-1.000000
1.000000
0.061000
0.012000
0.002000
1.000000
137:
1.000000
2.000000
-1.000000
1.000000
0.192000
0.192000
0.192000
1.000000
138:
3.000000
4.000000
-1.000000
1.000000
0.192000
0.192000
0.192000
1.000000
139:
5.000000
3.000000
0.000000
1.000000
0.061000
0.012000
0.002000
1.000000
140:
3.000000
2.000000
-1.000000
1.000000
0.061000
0.012000
0.002000
1.000000
141:
5.000000
3.000000
0.000000
1.000000
0.061000
0.012000
0.002000
1.000000
142:
5.000000
2.000000
0.000000
1.000000
0.192000
0.192000
0.192000
1.000000
143:
3.000000
2.000000
-1.000000
1.000000
0.061000
0.012000
0.002000
1.000000
144:
5.000000
2.000000
0.000000
1.000000
0.192000
0.192000
0.192000
1.000000
145:
5.000000
1.000000
0.000000
1.000000
0.061000
0.012000
0.002000
1.000000
146:
3.000000
2.000000
-1.000000
1.000000
0.061000
0.012000
0.002000
1.000000
147:
3.000000
2.000000
-1.000000
1.000000
0.061000
0.012000
0.002000
1.000000
148:
5.000000
1.000000
0.000000
1.000000
0.061000
0.012000
0.002000
1.000000
149:
3.000000
0.000000
-1.000000
1.000000
0.192000
0.192000
0.192000
1.000000
150:
1.000000
2.000000
-1.000000
1.000000
0.192000
0.192000
0.192000
1.000000
151:
1.000000
1.000000
-1.000000
1.000000
0.061000
0.012000
0.002000
1.000000
152:
0.000000
0.000000
-3.000000
1.000000
0.192000
0.192000
0.192000
1.000000
153:
1.000000
2.000000
-1.000000
1.000000
0.192000
0.192000
0.192000
1.000000
154:
0.000000
0.000000
-3.000000
1.000000
0.192000
0.192000
0.192000
1.000000
155:
-5.000000
0.000000
-3.000000
1.000000
0.255000
0.000000
0.000000
1.000000
156:
-1.000000
2.000000
-1.000000
1.000000
0.061000
0.012000
0.002000
1.000000
157:
1.000000
2.000000
-1.000000
1.000000
0.192000
0.192000
0.192000
1.000000
158:
-5.000000
0.000000
-3.000000
1.000000
0.255000
0.000000
0.000000
1.000000
159:
-3.000000
4.000000
0.000000
1.000000
0.192000
0.192000
0.192000
1.000000
160:
-2.000000
3.000000
1.000000
1.000000
0.192000
0.192000
0.192000
1.000000
161:
-1.000000
4.000000
0.000000
1.000000
0.255000
0.000000
0.000000
1.000000
162:
-3.000000
4.000000
0.000000
1.000000
0.192000
0.192000
0.192000
1.000000
163:
1.000000
4.000000
-1.000000
1.000000
0.255000
0.000000
0.000000
1.000000
164:
-1.000000
2.000000
-1.000000
1.000000
0.061000
0.012000
0.002000
1.000000
165:
-3.000000
4.000000
0.000000
1.000000
0.192000
0.192000
0.192000
1.000000
166:
-1.000000
2.000000
-1.000000
1.000000
0.061000
0.012000
0.002000
1.000000
167:
-2.000000
2.000000
0.000000
1.000000
0.192000
0.192000
0.192000
1.000000
168:
-1.000000
2.000000
-1.000000
1.000000
0.061000
0.012000
0.002000
1.000000
169:
-5.000000
0.000000
-3.000000
1.000000
0.255000
0.000000
0.000000
1.000000
170:
-2.000000
2.000000
0.000000
1.000000
0.192000
0.192000
0.192000
1.000000
171:
-1.000000
4.000000
2.000000
1.000000
0.255000
0.000000
0.000000
1.000000
172:
-1.000000
4.000000
0.000000
1.000000
0.255000
0.000000
0.000000
1.000000
173:
-2.000000
3.000000
1.000000
1.000000
0.192000
0.192000
0.192000
1.000000
174:
-1.000000
4.000000
0.000000
1.000000
0.255000
0.000000
0.000000
1.000000
175:
-2.000000
3.000000
0.000000
1.000000
0.061000
0.012000
0.002000
1.000000
176:
-2.000000
3.000000
1.000000
1.000000
0.192000
0.192000
0.192000
1.000000
177:
-3.000000
4.000000
2.000000
1.000000
0.192000
0.192000
0.192000
1.000000
178:
-1.000000
4.000000
2.000000
1.000000
0.255000
0.000000
0.000000
1.000000
179:
-2.000000
3.000000
1.000000
1.000000
0.192000
0.192000
0.192000
1.000000
180:
-1.000000
4.000000
0.000000
1.000000
0.255000
0.000000
0.000000
1.000000
181:
-3.000000
4.000000
0.000000
1.000000
0.192000
0.192000
0.192000
1.000000
182:
-2.000000
3.000000
0.000000
1.000000
0.061000
0.012000
0.002000
1.000000
183:
-3.000000
4.000000
2.000000
1.000000
0.192000
0.192000
0.192000
1.000000
184:
-2.000000
3.000000
1.000000
1.000000
0.192000
0.192000
0.192000
1.000000
185:
-2.000000
3.000000
2.000000
1.000000
0.061000
0.012000
0.002000
1.000000
186:
-3.000000
4.000000
0.000000
1.000000
0.192000
0.192000
0.192000
1.000000
187:
-1.000000
4.000000
0.000000
1.000000
0.255000
0.000000
0.000000
1.000000
188:
1.000000
4.000000
-1.000000
1.000000
0.255000
0.000000
0.000000
1.000000
189:
-2.000000
2.000000
0.000000
1.000000
0.192000
0.192000
0.192000
1.000000
190:
-2.000000
3.000000
0.000000
1.000000
0.061000
0.012000
0.002000
1.000000
191:
-3.000000
4.000000
0.000000
1.000000
0.192000
0.192000
0.192000
1.000000
192:
-2.000000
2.000000
2.000000
1.000000
0.192000
0.192000
0.192000
1.000000
193:
-2.000000
3.000000
2.000000
1.000000
0.061000
0.012000
0.002000
1.000000
194:
-3.000000
4.000000
2.000000
1.000000
0.192000
0.192000
0.192000
1.000000
195:
1.000000
1.000000
3.000000
1.000000
0.061000
0.012000
0.002000
1.000000
196:
1.000000
0.000000
2.000000
1.000000
0.192000
0.192000
0.192000
1.000000
197:
1.000000
0.000000
3.000000
1.000000
0.061000
0.012000
0.002000
1.000000
198:
-3.000000
4.000000
2.000000
1.000000
0.192000
0.192000
0.192000
1.000000
199:
-2.000000
3.000000
2.000000
1.000000
0.061000
0.012000
0.002000
1.000000
200:
-2.000000
2.000000
2.000000
1.000000
0.192000
0.192000
0.192000
1.000000
201:
-2.000000
2.000000
0.000000
1.000000
0.192000
0.192000
0.192000
1.000000
202:
-5.000000
0.000000
-3.000000
1.000000
0.255000
0.000000
0.000000
1.000000
203:
-2.000000
1.000000
0.000000
1.000000
0.061000
0.012000
0.002000
1.000000
204:
-2.000000
1.000000
0.000000
1.000000
0.061000
0.012000
0.002000
1.000000
205:
1.000000
1.000000
-1.000000
1.000000
0.061000
0.012000
0.002000
1.000000
206:
-2.000000
1.000000
1.000000
1.000000
0.061000
0.012000
0.002000
1.000000
207:
-2.000000
3.000000
1.000000
1.000000
0.192000
0.192000
0.192000
1.000000
208:
-2.000000
3.000000
0.000000
1.000000
0.061000
0.012000
0.002000
1.000000
209:
-3.000000
2.000000
1.000000
1.000000
0.255000
0.000000
0.000000
1.000000
210:
-2.000000
3.000000
0.000000
1.000000
0.061000
0.012000
0.002000
1.000000
211:
-2.000000
2.000000
0.000000
1.000000
0.192000
0.192000
0.192000
1.000000
212:
-3.000000
2.000000
1.000000
1.000000
0.255000
0.000000
0.000000
1.000000
213:
-3.000000
2.000000
1.000000
1.000000
0.255000
0.000000
0.000000
1.000000
214:
-2.000000
1.000000
0.000000
1.000000
0.061000
0.012000
0.002000
1.000000
215:
-2.000000
1.000000
1.000000
1.000000
0.061000
0.012000
0.002000
1.000000
216:
-3.000000
4.000000
0.000000
1.000000
0.192000
0.192000
0.192000
1.000000
217:
-2.000000
3.000000
0.000000
1.000000
0.061000
0.012000
0.002000
1.000000
218:
-2.000000
3.000000
1.000000
1.000000
0.192000
0.192000
0.192000
1.000000
219:
-3.000000
4.000000
2.000000
1.000000
0.192000
0.192000
0.192000
1.000000
220:
-2.000000
2.000000
2.000000
1.000000
0.192000
0.192000
0.192000
1.000000
221:
-1.000000
2.000000
3.000000
1.000000
0.061000
0.012000
0.002000
1.000000
222:
-3.000000
2.000000
1.000000
1.000000
0.255000
0.000000
0.000000
1.000000
223:
-2.000000
2.000000
0.000000
1.000000
0.192000
0.192000
0.192000
1.000000
224:
-2.000000
1.000000
0.000000
1.000000
0.061000
0.012000
0.002000
1.000000
225:
-2.000000
2.000000
2.000000
1.000000
0.192000
0.192000
0.192000
1.000000
226:
-3.000000
2.000000
1.000000
1.000000
0.255000
0.000000
0.000000
1.000000
227:
-2.000000
1.000000
2.000000
1.000000
0.061000
0.012000
0.002000
1.000000
228:
1.000000
1.000000
-1.000000
1.000000
0.061000
0.012000
0.002000
1.000000
229:
1.000000
0.000000
-1.000000
1.000000
0.061000
0.012000
0.002000
1.000000
230:
1.000000
0.000000
0.000000
1.000000
0.192000
0.192000
0.192000
1.000000
231:
1.000000
1.000000
3.000000
1.000000
0.061000
0.012000
0.002000
1.000000
232:
1.000000
0.000000
3.000000
1.000000
0.061000
0.012000
0.002000
1.000000
233:
1.000000
0.000000
2.000000
1.000000
0.192000
0.192000
0.192000
1.000000
234:
3.000000
2.000000
3.000000
1.000000
0.061000
0.012000
0.020000
1.000000
235:
1.000000
2.000000
3.000000
1.000000
0.192000
0.192000
0.192000
1.000000
236:
1.000000
0.000000
3.000000
1.000000
0.061000
0.012000
0.002000
1.000000
237:
3.000000
2.000000
3.000000
1.000000
0.061000
0.012000
0.020000
1.000000
238:
1.000000
0.000000
3.000000
1.000000
0.061000
0.012000
0.002000
1.000000
239:
3.000000
0.000000
3.000000
1.000000
0.192000
0.192000
0.192000
1.000000
240:
-3.000000
4.000000
2.000000
1.000000
0.192000
0.192000
0.192000
1.000000
241:
-2.000000
3.000000
2.000000
1.000000
0.061000
0.012000
0.002000
1.000000
242:
-1.000000
2.000000
3.000000
1.000000
0.061000
0.012000
0.002000
1.000000
243:
-3.000000
4.000000
2.000000
1.000000
0.192000
0.192000
0.192000
1.000000
244:
-1.000000
2.000000
3.000000
1.000000
0.061000
0.012000
0.002000
1.000000
245:
-1.000000
4.000000
2.000000
1.000000
0.255000
0.000000
0.000000
1.000000
246:
1.000000
4.000000
3.000000
1.000000
0.255000
0.000000
0.000000
1.000000
247:
-1.000000
4.000000
2.000000
1.000000
0.255000
0.000000
0.000000
1.000000
248:
-1.000000
2.000000
3.000000
1.000000
0.061000
0.012000
0.002000
1.000000
249:
1.000000
4.000000
3.000000
1.000000
0.255000
0.000000
0.000000
1.000000
250:
-1.000000
2.000000
3.000000
1.000000
0.061000
0.012000
0.002000
1.000000
251:
1.000000
2.000000
3.000000
1.000000
0.192000
0.192000
0.192000
1.000000
252:
-1.000000
2.000000
3.000000
1.000000
0.061000
0.012000
0.002000
1.000000
253:
-5.000000
0.000000
5.000000
1.000000
0.255000
0.000000
0.000000
1.000000
254:
1.000000
2.000000
3.000000
1.000000
0.192000
0.192000
0.192000
1.000000
255:
1.000000
2.000000
3.000000
1.000000
0.192000
0.192000
0.192000
1.000000
256:
-5.000000
0.000000
5.000000
1.000000
0.255000
0.000000
0.000000
1.000000
257:
0.000000
0.000000
5.000000
1.000000
0.192000
0.192000
0.192000
1.000000
258:
1.000000
2.000000
3.000000
1.000000
0.192000
0.192000
0.192000
1.000000
259:
0.000000
0.000000
5.000000
1.000000
0.192000
0.192000
0.192000
1.000000
260:
1.000000
1.000000
3.000000
1.000000
0.061000
0.012000
0.002000
1.000000
261:
3.000000
4.000000
3.000000
1.000000
0.192000
0.192000
0.192000
1.000000
262:
1.000000
4.000000
3.000000
1.000000
0.255000
0.000000
0.000000
1.000000
263:
1.000000
2.000000
3.000000
1.000000
0.192000
0.192000
0.192000
1.000000
264:
3.000000
4.000000
3.000000
1.000000
0.192000
0.192000
0.192000
1.000000
265:
1.000000
2.000000
3.000000
1.000000
0.192000
0.192000
0.192000
1.000000
266:
3.000000
2.000000
3.000000
1.000000
0.061000
0.012000
0.020000
1.000000
267:
3.000000
4.000000
3.000000
1.000000
0.192000
0.192000
0.192000
1.000000
268:
3.000000
2.000000
3.000000
1.000000
0.061000
0.012000
0.020000
1.000000
269:
5.000000
3.000000
2.000000
1.000000
0.061000
0.012000
0.002000
1.000000
270:
5.000000
3.000000
2.000000
1.000000
0.061000
0.012000
0.002000
1.000000
271:
3.000000
2.000000
3.000000
1.000000
0.061000
0.012000
0.020000
1.000000
272:
5.000000
2.000000
2.000000
1.000000
0.192000
0.192000
0.192000
1.000000
273:
5.000000
2.000000
2.000000
1.000000
0.192000
0.192000
0.192000
1.000000
274:
3.000000
2.000000
3.000000
1.000000
0.061000
0.012000
0.020000
1.000000
275:
5.000000
1.000000
2.000000
1.000000
0.061000
0.012000
0.002000
1.000000
276:
5.000000
1.000000
2.000000
1.000000
0.061000
0.012000
0.002000
1.000000
277:
3.000000
2.000000
3.000000
1.000000
0.061000
0.012000
0.020000
1.000000
278:
3.000000
0.000000
3.000000
1.000000
0.192000
0.192000
0.192000
1.000000
279:
-1.000000
4.000000
2.000000
1.000000
0.255000
0.000000
0.000000
1.000000
280:
-3.000000
4.000000
2.000000
1.000000
0.192000
0.192000
0.192000
1.000000
281:
-1.000000
2.000000
3.000000
1.000000
0.061000
0.012000
0.002000
1.000000
282:
-2.000000
3.000000
1.000000
1.000000
0.192000
0.192000
0.192000
1.000000
283:
-3.000000
2.000000
1.000000
1.000000
0.255000
0.000000
0.000000
1.000000
284:
-2.000000
3.000000
2.000000
1.000000
0.061000
0.012000
0.002000
1.000000
285:
-2.000000
3.000000
2.000000
1.000000
0.061000
0.012000
0.002000
1.000000
286:
-3.000000
2.000000
1.000000
1.000000
0.255000
0.000000
0.000000
1.000000
287:
-2.000000
2.000000
2.000000
1.000000
0.192000
0.192000
0.192000
1.000000
288:
-1.000000
2.000000
3.000000
1.000000
0.061000
0.012000
0.002000
1.000000
289:
-2.000000
2.000000
2.000000
1.000000
0.192000
0.192000
0.192000
1.000000
290:
-5.000000
0.000000
5.000000
1.000000
0.255000
0.000000
0.000000
1.000000
291:
-5.000000
0.000000
5.000000
1.000000
0.255000
0.000000
0.000000
1.000000
292:
-2.000000
2.000000
2.000000
1.000000
0.192000
0.192000
0.192000
1.000000
293:
-2.000000
1.000000
2.000000
1.000000
0.061000
0.012000
0.002000
1.000000
294:
1.000000
1.000000
3.000000
1.000000
0.061000
0.012000
0.002000
1.000000
295:
-2.000000
1.000000
2.000000
1.000000
0.061000
0.012000
0.002000
1.000000
296:
1.000000
0.000000
2.000000
1.000000
0.192000
0.192000
0.192000
1.000000
297:
1.000000
0.000000
2.000000
1.000000
0.192000
0.192000
0.192000
1.000000
298:
-2.000000
1.000000
2.000000
1.000000
0.061000
0.012000
0.002000
1.000000
299:
1.000000
0.000000
3.000000
1.000000
0.061000
0.012000
0.002000
1.000000
300:
-3.000000
4.000000
2.000000
1.000000
0.192000
0.192000
0.192000
1.000000
301:
-2.000000
3.000000
2.000000
1.000000
0.061000
0.012000
0.002000
1.000000
302:
-2.000000
3.000000
1.000000
1.000000
0.192000
0.192000
0.192000
1.000000


